20
29 3 13 5 1 5 5 5 3 9 3 9 5 5 5 1 5 5 3 11
11 10 9 5 6 9 7 9 6 10 10 10 9 3 11 12 3 11 10 10
10 10 10 9 5 4 5 6 11 10 10 10 10 12 4 3 10 10 12 2
10 12 6 12 5 5 3 9 4 6 10 12 6 9 5 6 10 10 9 6
8 5 7 9 3 9 6 12 5 3 12 5 5 6 11 9 6 10 10 11
8 5 5 6 12 6 9 3 9 6 9 5 3 9 2 12 3 10 10 10
12 5 5 5 3 9 6 12 6 9 4 3 10 10 10 11 10 10 12 2
9 5 1 7 10 12 3 13 5 4 7 10 8 6 12 6 10 12 5 6
10 11 12 3 10 13 4 5 5 5 5 6 10 9 5 3 10 9 5 3
10 10 9 6 12 5 5 3 11 9 3 9 6 10 13 4 6 10 11 10
12 2 12 5 5 3 9 6 8 6 12 6 11 12 5 5 5 4 6 10
11 10 13 1 3 12 6 11 12 3 13 5 2 9 5 5 5 5 5 2
10 12 3 10 12 5 5 4 5 4 5 3 10 10 9 5 5 7 9 6
8 3 10 10 9 5 3 9 3 13 1 6 10 10 12 1 5 5 6 11
10 14 10 12 6 13 6 10 12 3 10 13 2 12 3 12 5 3 13 2
8 3 12 5 5 5 3 12 3 10 12 5 6 9 6 9 3 10 9 6
14 8 5 3 9 3 12 3 10 12 5 5 5 6 9 6 12 6 8 3
9 6 13 4 6 14 9 6 10 13 1 5 5 7 10 9 5 3 10 10
10 9 3 9 5 3 12 3 12 3 8 5 3 9 6 10 9 6 14 10
12 6 12 4 7 12 5 4 5 6 12 7 12 4 5 6 12 5 5 38